0 0.359842 0.423323 0.071279 0.177729
0 0.205593 0.489625 0.068603 0.161917
0 0.261796 0.343021 0.049413 0.104792
0 0.310493 0.226854 0.035634 0.067042
0 0.676825 0.442792 0.060998 0.155833
0 0.808421 0.474427 0.056890 0.126646
0 0.778609 0.322354 0.043862 0.099875
0 0.619566 0.211031 0.048052 0.084062
0 0.599002 0.125281 0.031596 0.070687
0 0.689161 0.145344 0.036326 0.067021
0 0.384513 0.109458 0.028791 0.048792
0 0.359842 0.152042 0.035646 0.068250
0 0.573674 0.041958 0.024671 0.042667
0 0.420123 0.200708 0.050786 0.092583
