0 0.296661 0.417938 0.096819 0.165792
0 0.166520 0.597990 0.073955 0.151104
0 0.149008 0.385125 0.064214 0.143333
0 0.208333 0.276323 0.051620 0.086354
0 0.289824 0.239615 0.035563 0.076854
0 0.350910 0.256021 0.048650 0.090667
0 0.528457 0.332448 0.050552 0.101896
0 0.670059 0.369156 0.051573 0.118312
0 0.563275 0.227958 0.046221 0.089792
0 0.615569 0.192990 0.035035 0.057854
0 0.581737 0.163615 0.029624 0.049229
0 0.579302 0.117417 0.020974 0.041458
0 0.483727 0.052656 0.035998 0.060438
0 0.391045 0.104906 0.027723 0.045771
0 0.371802 0.149375 0.018439 0.050083
0 0.404888 0.209823 0.033040 0.063896
0 0.411479 0.132969 0.027723 0.044896
0 0.430452 0.101448 0.017031 0.035396
0 0.819173 0.713271 0.114331 0.286708
