0 0.082265 0.652042 0.061690 0.175292
0 0.169988 0.857031 0.104178 0.249521
0 0.436602 0.861292 0.106913 0.248292
0 0.710376 0.603990 0.070657 0.176521
0 0.851221 0.579042 0.065869 0.187458
0 0.709724 0.381958 0.050035 0.124208
0 0.611033 0.444615 0.055516 0.125438
0 0.626796 0.323573 0.043169 0.104729
0 0.536978 0.339385 0.037758 0.099896
0 0.587048 0.259698 0.036326 0.076771
0 0.545241 0.212865 0.029472 0.068229
0 0.514396 0.257823 0.033580 0.075646
0 0.385880 0.444615 0.063052 0.113271
0 0.337224 0.591208 0.068533 0.180167
0 0.203539 0.579656 0.057641 0.161938
0 0.288222 0.473813 0.050035 0.137583
0 0.112729 0.490854 0.065176 0.118125
0 0.263545 0.354594 0.050023 0.098646
0 0.161766 0.389865 0.041115 0.084062
0 0.367383 0.290719 0.034272 0.065813
0 0.296097 0.298635 0.032899 0.076771
