0 0.438480 0.300500 0.054495 0.095000
0 0.342130 0.295312 0.046655 0.072542
0 0.607300 0.233135 0.032113 0.043187
0 0.825692 0.776312 0.116761 0.214167
0 0.385933 0.388156 0.050599 0.080313
0 0.708011 0.419667 0.059354 0.127792
0 0.326074 0.354906 0.052594 0.089812
0 0.420939 0.176146 0.022324 0.034542
0 0.403451 0.267250 0.026268 0.052667
0 0.669331 0.357927 0.039413 0.071687
0 0.484190 0.181760 0.023404 0.038854
0 0.633815 0.221479 0.021901 0.033667
0 0.554026 0.146344 0.018005 0.030229
0 0.450863 0.137292 0.020880 0.031083
0 0.405863 0.203354 0.029143 0.040583
