0 0.402529 0.382448 0.050106 0.077729
0 0.472488 0.330729 0.055469 0.088083
0 0.739877 0.407146 0.055951 0.113125
0 0.821367 0.794458 0.124542 0.214167
0 0.330475 0.352750 0.051561 0.082042
0 0.337529 0.285385 0.042336 0.052687
0 0.381074 0.271135 0.033087 0.051813
0 0.401021 0.207667 0.026268 0.033667
0 0.474730 0.168375 0.026761 0.043167
0 0.618732 0.221479 0.030657 0.047500
0 0.483486 0.110510 0.014108 0.020729
0 0.453075 0.138146 0.015563 0.024167
0 0.428727 0.177010 0.019401 0.043188
0 0.444777 0.170531 0.017465 0.025063
0 0.553298 0.145062 0.018498 0.022458
0 0.674924 0.363969 0.032101 0.059604
