0 0.668087 0.372167 0.047629 0.131250
0 0.469102 0.040562 0.052594 0.079458
0 0.366232 0.149375 0.032606 0.053542
0 0.393480 0.211115 0.037453 0.073396
0 0.586138 0.241344 0.048169 0.102771
0 0.582001 0.123031 0.021397 0.045771
0 0.208603 0.268542 0.056925 0.100167
0 0.383016 0.105760 0.023357 0.045771
0 0.826209 0.710677 0.122653 0.331604
0 0.159466 0.607052 0.075411 0.162354
0 0.028791 0.400677 0.030164 0.055271
0 0.285957 0.416208 0.088063 0.176167
0 0.140493 0.395490 0.068592 0.172729
0 0.416320 0.122177 0.032641 0.068229
0 0.274525 0.245229 0.045739 0.074250
0 0.353345 0.241771 0.049624 0.110542
0 0.539190 0.328990 0.058380 0.113979
