0 0.441890 0.316469 0.047676 0.083771
0 0.330041 0.347042 0.057899 0.103625
0 0.832066 0.778042 0.122606 0.222792
0 0.707764 0.349292 0.028697 0.066500
0 0.670792 0.360083 0.032594 0.053542
0 0.674924 0.441687 0.080763 0.097583
0 0.397371 0.383396 0.054977 0.086375
0 0.331696 0.272427 0.045246 0.049229
0 0.400775 0.205937 0.021901 0.031958
0 0.610704 0.224500 0.025305 0.048375
0 0.632113 0.202917 0.017512 0.041458
0 0.424372 0.185208 0.017523 0.030208
0 0.401215 0.258615 0.027735 0.052688
0 0.474243 0.170958 0.025786 0.034542
0 0.484941 0.104469 0.011197 0.020729
