0 0.309120 0.271813 0.041127 0.091458
0 0.316221 0.803177 0.083944 0.194979
0 0.099126 0.793052 0.066326 0.119562
0 0.232283 0.610958 0.044566 0.082792
0 0.320364 0.571417 0.048709 0.099333
0 0.775288 0.765469 0.069425 0.134271
0 0.855082 0.773750 0.050775 0.139792
0 0.659231 0.430698 0.046631 0.086437
0 0.696532 0.380115 0.038345 0.073563
0 0.585651 0.215490 0.040411 0.093813
0 0.656637 0.278958 0.031092 0.062542
0 0.379372 0.285854 0.099378 0.192333
0 0.774836 0.458615 0.059624 0.109604
0 0.182330 0.544990 0.046608 0.126646
0 0.241954 0.414187 0.046608 0.096208
