0 0.394460 0.218250 0.037300 0.077250
0 0.607606 0.197052 0.030845 0.053646
0 0.485604 0.042552 0.040434 0.073104
0 0.567165 0.230500 0.040434 0.110833
0 0.347500 0.161167 0.024671 0.057292
0 0.389654 0.109521 0.022617 0.048667
0 0.578134 0.128927 0.021244 0.051229
0 0.167025 0.629385 0.075599 0.123312
0 0.403363 0.144740 0.019871 0.041479
0 0.347441 0.269437 0.045352 0.105958
0 0.443110 0.226250 0.051408 0.104750
0 0.806379 0.807771 0.123322 0.252000
0 0.555082 0.364490 0.045587 0.108521
0 0.433862 0.111281 0.023310 0.047562
0 0.135915 0.440823 0.050775 0.121396
0 0.278398 0.454688 0.072547 0.130625
0 0.668034 0.395750 0.051819 0.104833
0 0.287729 0.242156 0.033157 0.055187
