0 0.421180 0.856417 0.102124 0.241000
0 0.180241 0.850333 0.096021 0.255583
0 0.706643 0.609458 0.074014 0.185042
0 0.858134 0.589417 0.072606 0.181333
0 0.610006 0.437917 0.061678 0.124208
0 0.706984 0.385000 0.050023 0.125417
0 0.630569 0.326010 0.046608 0.097438
0 0.542148 0.336344 0.038380 0.096229
0 0.586667 0.254854 0.037089 0.074292
0 0.340669 0.585760 0.074061 0.198479
0 0.198773 0.587552 0.060317 0.170437
0 0.076403 0.616156 0.052852 0.144896
0 0.114818 0.493281 0.055505 0.103521
0 0.162107 0.386219 0.039073 0.076771
0 0.386913 0.443396 0.061009 0.113250
0 0.257723 0.358229 0.045235 0.088958
0 0.293703 0.309583 0.032218 0.069458
0 0.530839 0.208000 0.033580 0.073125
0 0.427318 0.088177 0.032289 0.064604
