0 0.667870 0.370448 0.059847 0.108813
0 0.552083 0.347990 0.059847 0.110521
0 0.564219 0.222771 0.047148 0.084625
0 0.458404 0.030198 0.036925 0.046646
0 0.477160 0.057396 0.018967 0.044042
0 0.391485 0.102313 0.017031 0.038875
0 0.355528 0.147646 0.027723 0.050083
0 0.382506 0.223646 0.041890 0.076000
0 0.347506 0.238313 0.046702 0.088083
0 0.286690 0.230542 0.033075 0.065625
0 0.219061 0.321219 0.042817 0.101896
0 0.386426 0.363937 0.055458 0.109625
0 0.294718 0.425281 0.081244 0.192563
0 0.169930 0.613969 0.075892 0.146812
0 0.099601 0.456802 0.052113 0.148521
0 0.143410 0.419667 0.047195 0.086375
0 0.580299 0.120875 0.020927 0.038000
0 0.834255 0.748250 0.140599 0.299667
