0 0.732817 0.444719 0.058380 0.089813
0 0.435558 0.395479 0.063251 0.088083
0 0.406854 0.254292 0.036972 0.056125
0 0.474243 0.173115 0.025786 0.038854
0 0.430675 0.178729 0.018533 0.034542
0 0.452588 0.138146 0.017523 0.029375
0 0.495646 0.147208 0.017019 0.025042
0 0.615569 0.218896 0.031138 0.044042
0 0.409730 0.203354 0.023357 0.040583
0 0.334853 0.275021 0.042805 0.049208
0 0.446755 0.290573 0.048650 0.080312
0 0.666385 0.364396 0.037512 0.057000
0 0.549114 0.145490 0.017993 0.033688
0 0.821608 0.777177 0.099742 0.181354
0 0.707741 0.345396 0.042289 0.079458
0 0.329014 0.352313 0.056432 0.103625
