0 0.189360 0.302229 0.029143 0.084625
0 0.726256 0.624760 0.085141 0.211563
0 0.850070 0.582885 0.076878 0.174437
0 0.740845 0.392031 0.068592 0.127812
0 0.424372 0.859219 0.127477 0.224521
0 0.179900 0.866563 0.106538 0.239208
0 0.203498 0.590219 0.071033 0.161479
0 0.330475 0.588062 0.078815 0.188250
0 0.080164 0.668802 0.058873 0.164938
0 0.105200 0.487885 0.056385 0.146813
0 0.184038 0.461542 0.060329 0.116583
0 0.272823 0.454635 0.060810 0.104479
0 0.356256 0.332885 0.060329 0.102771
0 0.262606 0.354469 0.054977 0.094146
0 0.170898 0.381667 0.046702 0.079458
0 0.306854 0.280625 0.037418 0.072542
0 0.251420 0.286688 0.042324 0.057000
0 0.553785 0.272437 0.074918 0.128667
0 0.464237 0.181333 0.051620 0.103625
0 0.400241 0.140302 0.038439 0.073396
0 0.427048 0.081583 0.027735 0.068208
0 0.261150 0.170958 0.018005 0.041458
0 0.637218 0.323813 0.035516 0.098458
