0 0.615704 0.442656 0.054930 0.103021
0 0.713110 0.627510 0.063216 0.137937
0 0.869595 0.599000 0.061138 0.139792
0 0.719331 0.402188 0.056995 0.114042
0 0.407418 0.894229 0.106737 0.178417
0 0.175810 0.911698 0.107770 0.158188
0 0.338504 0.597167 0.074613 0.125083
0 0.220370 0.633958 0.074613 0.139792
0 0.075288 0.634875 0.047664 0.137958
0 0.547312 0.340573 0.044554 0.079104
0 0.190833 0.479448 0.052840 0.080937
0 0.286690 0.482198 0.047676 0.079104
0 0.250423 0.369990 0.041455 0.082771
0 0.636948 0.333219 0.041455 0.082771
0 0.341678 0.351552 0.054155 0.097437
0 0.162758 0.382573 0.039131 0.076771
0 0.113445 0.487802 0.058251 0.116896
0 0.298838 0.294990 0.034272 0.084063
0 0.473955 0.178802 0.041808 0.087729
0 0.419126 0.430625 0.058251 0.112042
0 0.549689 0.202531 0.032899 0.076771
