0 0.294472 0.419229 0.088545 0.175292
0 0.773445 0.755583 0.141585 0.317792
0 0.668357 0.365698 0.049131 0.111396
0 0.527752 0.341094 0.054002 0.120896
0 0.566678 0.245219 0.048169 0.105354
0 0.604865 0.194708 0.031138 0.063042
0 0.459401 0.044448 0.044765 0.071687
0 0.139712 0.390302 0.064214 0.151979
0 0.149225 0.619583 0.079249 0.147667
0 0.223439 0.265094 0.049624 0.093271
0 0.337529 0.234875 0.052054 0.103625
0 0.290094 0.235729 0.031127 0.081167
0 0.390558 0.211979 0.032594 0.075125
0 0.367207 0.154552 0.025775 0.055271
0 0.403451 0.129948 0.026268 0.045771
0 0.384237 0.111375 0.024812 0.055250
0 0.584671 0.122167 0.024812 0.044042
