0 0.428750 0.181323 0.021397 0.029354
0 0.832019 0.747823 0.129413 0.219354
0 0.713603 0.420104 0.060822 0.125208
0 0.318310 0.383833 0.055469 0.085500
0 0.394425 0.390313 0.049085 0.091542
0 0.477160 0.173115 0.022864 0.045771
0 0.469619 0.333750 0.054495 0.109667
0 0.454290 0.139875 0.017031 0.034542
0 0.595141 0.153688 0.021408 0.041458
0 0.560352 0.147219 0.019953 0.033688
0 0.616543 0.225365 0.033087 0.051813
0 0.671496 0.354896 0.035082 0.065625
0 0.336068 0.298771 0.048169 0.081167
0 0.393961 0.264229 0.036491 0.062167
