0 0.397905 0.375979 0.045739 0.078583
0 0.806772 0.784094 0.129413 0.200354
0 0.737418 0.416646 0.085094 0.125208
0 0.713333 0.348427 0.043732 0.069937
0 0.668116 0.367427 0.031138 0.052687
0 0.474724 0.347125 0.054002 0.100167
0 0.326097 0.351010 0.044754 0.090688
0 0.336532 0.287104 0.043345 0.059583
0 0.390804 0.266813 0.033087 0.057000
0 0.614554 0.220188 0.040869 0.062167
0 0.479566 0.158010 0.024765 0.032813
0 0.554730 0.144615 0.019413 0.026771
0 0.416585 0.170531 0.026268 0.037146
0 0.399777 0.208094 0.024859 0.029354
