0 0.595839 0.124333 0.041397 0.081167
0 0.779771 0.313010 0.054002 0.114854
0 0.671761 0.328562 0.080282 0.104500
0 0.356725 0.420531 0.079836 0.179604
0 0.200065 0.486167 0.077899 0.176167
0 0.263797 0.319927 0.064261 0.133854
0 0.381532 0.304375 0.065246 0.094125
0 0.620681 0.205937 0.049131 0.083750
0 0.731796 0.227958 0.044765 0.063917
0 0.690957 0.144188 0.043838 0.069083
0 0.676385 0.446875 0.077840 0.170125
0 0.478862 0.112240 0.043779 0.100188
0 0.430939 0.188229 0.054977 0.091542
0 0.318316 0.206802 0.043791 0.094146
0 0.358210 0.144625 0.037946 0.071667
0 0.382993 0.097990 0.025352 0.049229
0 0.481050 0.025021 0.028697 0.041458
0 0.572758 0.041854 0.021408 0.040583
0 0.664660 0.093677 0.034061 0.049229
0 0.604354 0.017688 0.015610 0.035375
0 0.591485 0.062146 0.025786 0.038000
0 0.819173 0.487021 0.077359 0.150250
