0 0.253603 0.350583 0.042817 0.077708
0 0.175252 0.862677 0.095317 0.221063
0 0.215417 0.582448 0.069566 0.137312
0 0.349935 0.596698 0.072969 0.150271
0 0.077729 0.654990 0.050106 0.133854
0 0.408556 0.438229 0.065681 0.128667
0 0.270147 0.442990 0.058392 0.108812
0 0.180117 0.462417 0.064178 0.097583
0 0.104953 0.485729 0.048122 0.111417
0 0.167958 0.368281 0.045681 0.087229
0 0.406127 0.857500 0.112394 0.207250
0 0.321960 0.348854 0.049131 0.076000
0 0.714818 0.620448 0.081725 0.177021
0 0.612893 0.229250 0.073462 0.128667
0 0.728680 0.406281 0.075411 0.121771
0 0.461074 0.189521 0.045293 0.094125
0 0.412940 0.091948 0.043298 0.063021
0 0.245065 0.280208 0.032547 0.078583
0 0.300311 0.278042 0.034049 0.091542
0 0.175282 0.315177 0.038920 0.051813
0 0.256772 0.168375 0.022864 0.038000
0 0.550147 0.208531 0.042312 0.061313
0 0.851989 0.577698 0.075951 0.165812
