0 0.826538 0.660552 0.122089 0.258021
0 0.164167 0.607625 0.070587 0.154625
0 0.116872 0.413594 0.058251 0.155854
0 0.293668 0.410562 0.081631 0.186250
0 0.224137 0.312625 0.041115 0.099875
0 0.348192 0.257875 0.045235 0.121792
0 0.283081 0.237813 0.039754 0.086500
0 0.404730 0.209219 0.034953 0.077979
0 0.470874 0.191583 0.046608 0.086500
0 0.540434 0.328437 0.052770 0.109625
0 0.664149 0.385010 0.039754 0.103521
0 0.510282 0.046802 0.039061 0.084062
0 0.565792 0.235979 0.040434 0.097458
0 0.605205 0.191573 0.027406 0.059729
0 0.350898 0.156292 0.034331 0.057292
0 0.391673 0.113104 0.022688 0.056083
