0 0.514108 0.100146 0.031667 0.069083
0 0.395663 0.360073 0.061303 0.105354
0 0.606080 0.306104 0.054977 0.135583
0 0.678087 0.355333 0.038427 0.097583
0 0.725282 0.430021 0.063732 0.143375
0 0.153140 0.543156 0.064707 0.120896
0 0.268662 0.615260 0.072066 0.054396
0 0.241907 0.377781 0.046749 0.099312
0 0.259202 0.308271 0.058873 0.093250
0 0.299337 0.232271 0.034049 0.065625
0 0.399073 0.214135 0.050587 0.082896
0 0.629894 0.186510 0.033521 0.070812
0 0.586115 0.209823 0.039460 0.065646
0 0.591978 0.144187 0.027735 0.065625
